
    ²ל' פאיכף = t12_1pr01i.txt    
ן»¿
 1
 23 45 567.4
 7.2  10.5  9
 3 5
 3 4 5 6 7
 10 20 15 22 
 10.23 45.678 37.5
 
 
 3 14 15
 1 -3 4
 123 234.5 348.34 


    ²ל' פאיכף = a.txt    
 7.2 10.5 9 26.700000 3.190401e+01
 3 4 5 12.000000 6.000000e+00
 10 20 15 45.000000 7.261844e+01
 10.23 45.678 37.5 93.408000 1.268325e+02
 3 14 15 32.000000 2.039608e+01
 123 234.5 348.34 705.840000 6.633944e+03
 


    ²ל' פאיכף = t12_1pr01i.txt    
ן»¿
 1
 23 45 567.4
 7.2  10.5  9
 3 5
 3 4 5 6 7
 10 20 15 22 
 10.23 45.678 37.5
 
 
 3 14 15
 1 -3 4
 123 234.5 348.34 


    ²ל' פאיכף = b.txt    
          7.2          10.5             9          26.7        31.904 
            3             4             5            12             6 
           10            20            15            45        72.618 
        10.23        45.678          37.5        93.408        126.83 
            3            14            15            32        20.396 
          123         234.5        348.34        705.84        6633.9 


